-0.10697,-0.045347,-0.20647,-0.0099239,-0.025488,-0.054398,-0.0095771,-0.014224,-0.033097,-0.0061366,-0.010835,-0.029081,-0.00053412,-0.0058049,-0.0071583,-0.074165,-0.066036,-0.069457,0.00050103,0.0085588,0.0018933,-0.0016596,0.0071352,0.004564,-0.001247,0.0025499,-0.0030495,0.0003505,0.0061026,0.0070215
-0.045347,-0.12051,-0.20362,-0.010491,-0.025795,-0.055537,-0.0093275,-0.013297,-0.031974,-0.0063465,-0.010734,-0.029171,-0.0005744,-0.0054318,-0.0068672,-0.066036,-0.023533,-0.072144,0.0012879,0.0089093,0.00014682,-0.0019944,0.0063597,0.0033195,-0.0010775,0.0025901,-0.0037182,0.00055032,0.0058739,0.0066555
-0.20647,-0.20362,-0.76576,-0.032129,-0.077965,-0.1686,-0.031637,-0.040566,-0.098277,-0.02237,-0.033663,-0.094554,-0.002616,-0.014842,-0.020445,-0.069457,-0.072144,-0.1575,0.011789,0.030592,0.0020135,-0.00458,0.017425,0.0062261,0.00022383,0.01088,-0.014196,0.0028219,0.017567,0.014877
-0.0099239,-0.010491,-0.032129,-0.040035,0.024905,-0.035885,0.0028876,-0.0062438,-0.011482,0.0035835,0.0062156,0.006809,0.0042008,0.0063736,0.00086238,0.00050103,0.0012879,0.011789,-0.087702,-0.074307,-0.0087575,-0.0030527,-0.00083208,0.0028527,-0.0051186,-0.0011884,0.0062033,-0.006394,-0.0070968,-0.0018222
-0.025488,-0.025795,-0.077965,0.024905,-0.037471,-0.020202,0.0017518,-0.0061024,-0.0080253,0.0051509,0.0090246,0.013666,0.0039843,0.0082311,0.0039445,0.0085588,0.0089093,0.030592,-0.074307,-0.070247,-0.044488,-0.0018318,-0.0052604,0.0063188,-0.0037994,-0.0088023,0.015087,-0.0051958,-0.015016,-0.0014471
-0.054398,-0.055537,-0.1686,-0.035885,-0.020202,-0.21494,-0.0019261,-0.037132,-0.025312,0.001657,0.013867,0.040674,9.5638e-05,0.0070645,0.0092613,0.0018933,0.00014682,0.0020135,-0.0087575,-0.044488,-0.039559,0.019777,0.027496,-0.0064727,0.0036748,0.011772,0.0068164,0.0014629,0.0021103,-0.026911
-0.0095771,-0.0093275,-0.031637,0.0028876,0.0017518,-0.0019261,-0.043188,0.021368,-0.037316,2.6117e-05,-0.010428,-0.015088,0.00066775,0.0021658,0.0028621,-0.0016596,-0.0019944,-0.00458,-0.0030527,-0.0018318,0.019777,-0.084149,-0.073173,-0.01185,0.00015035,0.0020705,0.0013558,-0.0020685,0.0011584,0.008014
-0.014224,-0.013297,-0.040566,-0.0062438,-0.0061024,-0.037132,0.021368,-0.040844,-0.023073,-0.00045789,-0.010408,-0.014262,0.0018163,0.0045891,0.0031867,0.0071352,0.0063597,0.017425,-0.00083208,-0.0052604,0.027496,-0.073173,-0.064944,-0.050275,-0.00025892,-9.5453e-05,0.0066093,-0.0029408,-0.0046566,0.0146
-0.033097,-0.031974,-0.098277,-0.011482,-0.0080253,-0.025312,-0.037316,-0.023073,-0.22089,-0.0030032,-0.039938,-0.034998,-0.0012121,0.010018,0.028116,0.004564,0.0033195,0.0062261,0.0028527,0.0063188,-0.0064727,-0.01185,-0.050275,-0.035762,0.017645,0.021466,-0.008067,-0.00081497,0.005859,0.0098526
-0.0061366,-0.0063465,-0.02237,0.0035835,0.0051509,0.001657,2.6117e-05,-0.00045789,-0.0030032,-0.044124,0.01986,-0.033565,-0.00012694,-0.0093472,-0.014078,-0.001247,-0.0010775,0.00022383,-0.0051186,-0.0037994,0.0036748,0.00015035,-0.00025892,0.017645,-0.081613,-0.070357,-0.010584,0.00018848,0.0018817,-0.0012832
-0.010835,-0.010734,-0.033663,0.0062156,0.0090246,0.013867,-0.010428,-0.010408,-0.039938,0.01986,-0.044286,-0.021646,-0.00074561,-0.010118,-0.012916,0.0025499,0.0025901,0.01088,-0.0011884,-0.0088023,0.011772,0.0020705,-9.5453e-05,0.021466,-0.070357,-0.059553,-0.048435,0.00085983,0.00084091,0.0039057
-0.029081,-0.029171,-0.094554,0.006809,0.013666,0.040674,-0.015088,-0.014262,-0.034998,-0.033565,-0.021646,-0.2,-0.0057052,-0.040774,-0.053153,-0.0030495,-0.0037182,-0.014196,0.0062033,0.015087,0.0068164,0.0013558,0.0066093,-0.008067,-0.010584,-0.048435,-0.024209,0.011924,0.020346,-0.018727
-0.00053412,-0.0005744,-0.002616,0.0042008,0.0039843,9.5638e-05,0.00066775,0.0018163,-0.0012121,-0.00012694,-0.00074561,-0.0057052,-0.036,0.02671,0.0035595,0.0003505,0.00055032,0.0028219,-0.006394,-0.0051958,0.0014629,-0.0020685,-0.0029408,-0.00081497,0.00018848,0.00085983,0.011924,-0.073806,-0.06371,0.0048176
-0.0058049,-0.0054318,-0.014842,0.0063736,0.0082311,0.0070645,0.0021658,0.0045891,0.010018,-0.0093472,-0.010118,-0.040774,0.02671,-0.038388,0.011555,0.0061026,0.0058739,0.017567,-0.0070968,-0.015016,0.0021103,0.0011584,-0.0046566,0.005859,0.0018817,0.00084091,0.020346,-0.06371,-0.053835,-0.038643
-0.0071583,-0.0068672,-0.020445,0.00086238,0.0039445,0.0092613,0.0028621,0.0031867,0.028116,-0.014078,-0.012916,-0.053153,0.0035595,0.011555,-0.059458,0.0070215,0.0066555,0.014877,-0.0018222,-0.0014471,-0.026911,0.008014,0.0146,0.0098526,-0.0012832,0.0039057,-0.018727,0.0048176,-0.038643,0.0067832
-0.61068,-0.084414,0.01962,-0.0041117,0.011682,0.0020414,-0.00012537,0.0099803,0.012376,-0.0013838,0.0050049,0.003006,-0.0010338,0.0073819,0.0065556,-1.9248,-0.30691,-0.59538,-0.028375,-0.024045,-0.10946,-0.026378,-0.010677,-0.065749,-0.019643,-0.014767,-0.068062,-0.0015925,0.0073698,0.0018891
-0.084414,-0.54186,0.024676,-0.0024777,0.01208,0.0056337,-0.00051852,0.00855,0.0091637,-0.0010076,0.004862,0.0037822,-0.00055247,0.0070836,0.0072129,-0.30691,-1.8112,-0.58501,-0.026932,-0.023562,-0.10039,-0.026926,-0.011317,-0.07169,-0.019459,-0.014577,-0.066187,-0.00094558,0.0076611,0.0047051
0.01962,0.024676,-0.24207,0.0021466,0.018844,-0.090895,0.0030198,0.022754,0.046507,0.0031066,0.016266,-0.016154,0.00066373,0.017749,-0.0027889,-0.59538,-0.58501,-3.2223,-0.06897,-0.090666,-0.51264,-0.086117,-0.040447,-0.18498,-0.056311,-0.041644,-0.25858,-0.0017198,0.024974,-0.028301
-0.0041117,-0.0024777,0.0021466,-0.65759,-0.1228,0.010856,-0.0081843,0.00013088,-0.0034038,-0.0063209,-0.00085378,0.0051301,-0.0082921,-0.0083991,-0.0028777,-0.028375,-0.026932,-0.06897,-1.8384,-0.20015,-0.089808,-0.0050613,-0.0056516,-0.012147,-0.0069647,0.0077964,0.016066,-0.0095998,-0.0080779,-0.0062101
0.011682,0.01208,0.018844,-0.1228,-0.67074,-0.053902,-0.0057122,-0.0099975,0.021039,-0.004839,-0.018244,0.0058305,-0.0057088,-0.02525,-0.0014915,-0.024045,-0.023562,-0.090666,-0.20015,-1.8372,-0.16214,-0.0029103,-0.025587,0.044802,-0.0017027,-0.017904,0.034098,-0.0063773,-0.03548,0.0087734
0.0020414,0.0056337,-0.090895,0.010856,-0.053902,-0.56252,0.0094563,0.021546,0.0043397,0.004114,0.015982,0.10879,0.0031273,0.005897,0.030384,-0.10946,-0.10039,-0.51264,-0.089808,-0.16214,-2.1396,0.034939,0.013921,0.072457,0.0076658,0.066881,0.34809,0.0044174,0.027208,0.12789
-0.00012537,-0.00051852,0.0030198,-0.0081843,-0.0057122,0.0094563,-0.65224,-0.12063,0.010417,-0.003625,0.0035558,-0.0029333,-0.0027947,0.0017813,0.0054584,-0.026378,-0.026926,-0.086117,-0.0050613,-0.0029103,0.034939,-1.8342,-0.2029,-0.094924,-0.0012984,-0.0060223,-0.01916,-0.0041595,0.0069785,0.013215
0.0099803,0.00855,0.022754,0.00013088,-0.0099975,0.021546,-0.12063,-0.66052,-0.057605,-0.0031675,6.0851e-05,0.014303,-0.003471,-0.0090958,0.0038677,-0.010677,-0.011317,-0.040447,-0.0056516,-0.025587,0.013921,-0.2029,-1.8257,-0.178,-0.00148,-0.014741,0.011303,-0.0044202,-0.0095122,0.012064
0.012376,0.0091637,0.046507,-0.0034038,0.021039,0.0043397,0.010417,-0.057605,-0.6061,0.007602,0.022409,-0.0097445,-0.0010211,0.012612,0.097963,-0.065749,-0.07169,-0.18498,-0.012147,0.044802,0.072457,-0.094924,-0.178,-2.2749,0.028401,0.010972,0.0022302,-0.0051064,0.052133,0.30527
-0.0013838,-0.0010076,0.0031066,-0.0063209,-0.004839,0.004114,-0.003625,-0.0031675,0.007602,-0.64916,-0.11659,0.0079792,-0.0019873,0.0023548,-0.0029667,-0.019643,-0.019459,-0.056311,-0.0069647,-0.0017027,0.0076658,-0.0012984,-0.00148,0.028401,-1.8271,-0.19473,-0.085954,-0.00086521,-0.0067849,-0.024754
0.0050049,0.004862,0.016266,-0.00085378,-0.018244,0.015982,0.0035558,6.0851e-05,0.022409,-0.11659,-0.6488,-0.060325,-0.00035516,0.0022718,0.015733,-0.014767,-0.014577,-0.041644,0.0077964,-0.017904,0.066881,-0.0060223,-0.014741,0.010972,-0.19473,-1.8085,-0.1793,0.00078118,-0.011923,0.012854
0.003006,0.0037822,-0.016154,0.0051301,0.0058305,0.10879,-0.0029333,0.014303,-0.0097445,0.0079792,-0.060325,-0.60117,0.0060683,0.014181,0.0001848,-0.068062,-0.066187,-0.25858,0.016066,0.034098,0.34809,-0.01916,0.011303,0.0022302,-0.085954,-0.1793,-2.2025,0.011936,-0.016559,-0.029318
-0.0010338,-0.00055247,0.00066373,-0.0082921,-0.0057088,0.0031273,-0.0027947,-0.003471,-0.0010211,-0.0019873,-0.00035516,0.0060683,-0.64427,-0.10958,0.01333,-0.0015925,-0.00094558,-0.0017198,-0.0095998,-0.0063773,0.0044174,-0.0041595,-0.0044202,-0.0051064,-0.00086521,0.00078118,0.011936,-1.7855,-0.15354,0.040247
0.0073819,0.0070836,0.017749,-0.0083991,-0.02525,0.005897,0.0017813,-0.0090958,0.012612,0.0023548,0.0022718,0.014181,-0.10958,-0.63881,-0.052355,0.0073698,0.0076611,0.024974,-0.0080779,-0.03548,0.027208,0.0069785,-0.0095122,0.052133,-0.0067849,-0.011923,-0.016559,-0.15354,-1.7662,-0.05902
0.0065556,0.0072129,-0.0027889,-0.0028777,-0.0014915,0.030384,0.0054584,0.0038677,0.097963,-0.0029667,0.015733,0.0001848,0.01333,-0.052355,-0.60529,0.0018891,0.0047051,-0.028301,-0.0062101,0.0087734,0.12789,0.013215,0.012064,0.30527,-0.024754,0.012854,-0.029318,0.040247,-0.05902,-1.8168
